DAY-WISE BREAKDOWN REPORT
================================================================================

Day | Offline | <0.2 | >0.5 | Optimal | Total | Status
----|---------|------|------|---------|-------|--------
 30 |       0 |    0 |    0 |       0 |     0 |   (empty)
 29 |       0 |    0 |    0 |       0 |     0 |   (empty)
 28 |       0 |    0 |    0 |       0 |     0 |   (empty)
 27 |       0 |    0 |    0 |       0 |     0 |   (empty)
 26 |       0 |    0 |    0 |       0 |     0 |   (empty)
 25 |       0 |    0 |    0 |       0 |     0 |   (empty)
 24 |       0 |    0 |    0 |       0 |     0 |   (empty)
 23 |       0 |    0 |    0 |       0 |     0 |   (empty)
 22 |       0 |    0 |    0 |       0 |     0 |   (empty)
 21 |       0 |    0 |    0 |       0 |     0 |   (empty)
 20 |       0 |    0 |    0 |       0 |     0 |   (empty)
 19 |       0 |    0 |    0 |       0 |     0 |   (empty)
 18 |       0 |    0 |    0 |       0 |     0 |   (empty)
 17 |       0 |    0 |    0 |       0 |     0 |   (empty)
 16 |       0 |    0 |    0 |       0 |     0 |   (empty)

================================================================================
Total days with data: 6
Days: 7, 5, 4, 3, 2, 1
